652589417508372532
1377698097873817691
1373689428014534868
1374682624387452928
1375389452985434117
1379158638324879370
1376113474589167656
1133402214577209494
1208381947223609396
1329073281965232130
999654023068139651
1120133760399192185
457339938451750946
1020002248018907168
1340033925174657026
1376312930936688701
1342851247400685588
1307103086904606812
1379121701933285416
1377762767116833020
1376003193863143508
1378122923499458632
1376115802310180917
1373558585962926080
1373356222413013172
1373703476554502317
1373580445827989566
1374759621092446270
1374349284618670100
1374360583268466800
1203829377872171078
1374755405841956975
1351516966011011143
1377976707671265372
993303694458224660
1358809616338784256
1379163778771451945
1374477036256759895
422088344864817152
917925200518070364
1374702825354821694
1374705886865391669
598373494455009290
1306799557581082665
1091143294714646650
1374885198726168756
1379124180259176518
1373324617653026900
1373327837632925797
1373952822256730126
1373978143475372112
1373670815345672412
1376546527467536434
1127035358828306432
1190813036018159689
1373556224846598184
1374389052165459969
1111721396737941645
1374658801910812683
1215608737079894069
1373969302365147166
1141958815428907028
619704285508141086
1393088501205176492
1252269346080952342
1374395821906333886
1011391764852125786
1174600356521578556
1374388426950053919
1373966417082187816
1286809816265920564
1373562813812969573
482258986322624522
363679442008014861
1408479406443204608
1373931319641378968
1027947414402904104
1104970740987613205
1246310938718638152
1370192946196123678
1373917567152029779
752280017270210652
1373709429320585287
1378847195800928356
1374671593074327562
1374347760589082794
1374344407700078675
1376519528636223650
1384681652038533140
1379161209823297660
1414796230466212000
1195129640176599113
1319151609325944903
1376517628344139829
1374753501175087104
1374756828285501440
1379485801938817105
1219851120701214852
1377764225321271296
1373949873472274482
